species, atomic number, total number, line identifier, ground state transition (nm), linewidth Gamma/(2pi) (MHz), principle number, ss, ll, ii, jj, gs, gl, gi, Ahf/h I.J (MHz), Bhf (MHz), source
H, 1, 1, 1S_{1/2}, 0, 0, 1, 0.5, 0, 0.5, 0.5, 2.0023193043737, 0.99999369, , 0,
H, 1, 1, 2P_{1/2}, , , 2, 0.5, 1, 0.5, 0.5, 2.0023193043737, 0.99999369, , 0,
H, 1, 1, 2P_{3/2}, , , 2, 0.5, 1, 0.5, 1.5, 2.0023193043737, 0.99999369, , 0,
H, 1, 1, 3S_{1/2}, , , 3, 0.5, 0, 0.5, 0.5, 2.0023193043737, 0.99999369, , 0,
Li, 3, 6, 2S_{1/2}, 0, 0, 2, 0.5, 0, 1, 0.5, 2.0023193043737, 0.99999369, -0.0004476540, 152.1368407, 0, https://www.physics.ncsu.edu/jet/techdocs/pdf/PropertiesOfLi.pdf
Li, 3, 6, 2P_{1/2}, 670.9924521, 5.8724, 2, 0.5, 1, 1, 0.5, 2.0023193043737, 0.99999369, -0.0004476540, 17.386, 0, https://www.physics.ncsu.edu/jet/techdocs/pdf/PropertiesOfLi.pdf think Gehm has typo in D1 line frequency though
Li, 3, 6, 2P_{3/2}, 670.977338, 5.8724, 2, 0.5, 1, 1, 1.5, 2.0023193043737, 0.99999369, -0.0004476540, -1.155, -0.10, https://www.physics.ncsu.edu/jet/techdocs/pdf/PropertiesOfLi.pdf
Li, 3, 6, 3S_{1/2}, 367.569857, , 3, 0.5, 0, 1, 0.5, 2.0023193043737, 0.99999369, , 34, 0, PRA 52 4462
Li, 3, 6, 3P_{1/2}, 323.362176, , 3, 0.5, 1, 1, 0.5, 2.0023193043737, 0.99999369, , , 0, PRA 52 4462
Li, 3, 6, 3P_{3/2}, 323.361168, , 3, 0.5, 1, 1, 1.5, 2.0023193043737, 0.99999369, , , 0, PRA 52 4462
Li, 3, 6, 3D_{3/2}, 319.666461, , 3, 0.5, 2, 1, 1.5,
Li, 3, 6, 3D_{5/2}, 319.666092, , 3, 0.5, 2, 1, 2.5,
Li, 3, 6, 4S_{1/2}, 285.620087, , 4, 0.5, 0, 1, 0.5, 2.0023193043737, 0.99999369, , 13.1, 0, PRA 42 4462
Li, 3, 6, 4P_{1/2}, 274.203791, , 4, 0.5, 1, 1, 0.5,
Li, 3, 6, 4P_{3/2}, 274.203489, , 4, 0.5, 1, 1, 1.5,
Li, 3, 6, 4D_{3/2}, 273.053783, , 4, 0.5, 2, 1, 1.5,
Li, 3, 6, 4D_{5/2}, 273.053670, , 4, 0.5, 2, 1, 2.5,
Li, 3, 6, 4f_{5/2}, 273.016551, , 4, 0.5, 3, 1, 2.5,
Li, 3, 6, 4f_{7/2}, 273.016492, , 4, 0.5, 3, 1, 3.5,
Li, 3, 6, 5S_{1/2}, 261.103912, , 4, 0.5, 0, 1, 0.5,
Li, 3, 6, 5P_{1/2}, 256.310730, , 4, 0.5, 1, 1, 0.5,
Li, 3, 6, 5P_{3/2}, 256.310592, , 4, 0.5, 1, 1, 1.5,
Li, 3, 6, 5D_{3/2}, 255.791700, , 4, 0.5, 2, 1, 1.5,
Li, 3, 6, 5D_{5/2}, 255.791647, , 4, 0.5, 2, 1, 2.5,
Li, 3, 6, 5f_{5/2}, 255.774493, , 4, 0.5, 3, 1, 2.5,
Li, 3, 6, 5f_{7/2}, 255.774473, , 4, 0.5, 3, 1, 3.5,
Li, 3, 6, 5g_{7/2}, 255.771463, , 4, 0.5, 4, 1, 3.5,
Li, 3, 6, 5g_{9/2}, 255.771463, , 4, 0.5, 4, 1, 4.5,
Li, 3, 6, 6S_{1/2}, 250.081108, , 4, 0.5, 0, 1, 0.5,
Li, 3, 6, 6P_{1/2}, 247.581678, , 4, 0.5, 1, 1, 0.5,
Li, 3, 6, 6P_{3/2}, 247.581604, , 4, 0.5, 1, 1, 1.5,
Li, 3, 6, 6D_{3/2}, 247.300511, , 4, 0.5, 2, 1, 1.5,
Li, 3, 6, 6D_{5/2}, 247.300511, , 4, 0.5, 2, 1, 2.5,
Li, 3, 6, 6f_{5/2}, 247.290133, , 4, 0.5, 3, 1, 2.5,
Li, 3, 6, 6f_{7/2}, 247.290133, , 4, 0.5, 3, 1, 3.5,
Li, 3, 7, 2S_{1/2}, 0, 0, 2, 0.5, 0, 1.5, 0.5, 2.0023193043737, 0.99999369, , 401.752043, 0, PRA 52 4462
Li, 3, 7, 2P_{1/2}, 670.976649, , 2, 0.5, 1, 1.5, 0.5, 2.0023193043737, 0.99999369, , 45.914, 0, PRA 52 4462
Li, 3, 7, 2P_{3/2}, 670.961545, , 2, 0.5, 1, 1.5, 1.5, 2.0023193043737, 0.99999369, , -3.055, -0.221, PRA 52 4462
Li, 3, 7, 3S_{1/2}, , ,3, 0.5, 0, 1.5, 0.5, 2.0023193043737, 0.99999369, , , , PRA 52 4462
Li, 3, 7, 4S_{1/2}, , ,4, 0.5, 0, 1.5, 0.5, 2.0023193043737, 0.99999369, , 36.4, 0, PRA 52 4462
Na, 11, 23, 3S_{1/2}, 0, 0, 3, 0.5, 0, 1.5, 0.5, 2.0023193043737, 0.99999369, -0.00080461080, 885.81306440, 0, http://steck.us/alkalidata/sodiumnumbers.pdf
Na, 11, 23, 3P_{1/2}, 589.7558147, 9.765, 3, 0.5, 1, 1.5, 0.5, 2.0023193043737, 0.99999369, -0.00080461080, 94.44, 0, http://steck.us/alkalidata/sodiumnumbers.pdf
Na, 11, 23, 3P_{1/2}, 589.1583264, 9.7946, 3, 0.5, 1, 1.5, 1.5, 2.0023193043737, 0.99999369, -0.00080461080, 18.534, 2.724, http://steck.us/alkalidata/sodiumnumbers.pdf
K, 19, 39, 4S_{1/2}, 0, 0, 4, 0.5, 0, 1.5, 0.5, 2.0023193043737, 0.99999369, -0.00014193489, 230.8598601, 0, http://tobiastiecke.nl/archive/PotassiumProperties.pdf
K, 19, 39, 4P_{1/2}, 770.108385049, 5.956, 4, 0.5, 1, 1.5, 0.5, 2.0023193043737, 0.99999369, -0.00014193489, 27.775, 0, http://tobiastiecke.nl/archive/PotassiumProperties.pdf
K, 19, 39, 4P_{3/2}, 766.700921822, 6.035, 4, 0.5, 1, 1.5, 1.5, 2.0023193043737, 0.99999369, -0.00014193489, 6.093, 2.786, http://tobiastiecke.nl/archive/PotassiumProperties.pdf
K, 19, 40, 4S_{1/2}, 0, 0, 4, 0.5, 0, 4, 0.5, 2.0023193043737, 0.99999369, 0.000176490, -285.7308, 0, http://tobiastiecke.nl/archive/PotassiumProperties.pdf
K, 19, 40, 4P_{1/2}, 770.108136507, 5.965, 4, 0.5, 1, 4, 0.5, 2.0023193043737, 0.99999369, 0.000176490, -34.523, 0, http://tobiastiecke.nl/archive/PotassiumProperties.pdf
K, 19, 40, 4P_{3/2}, 766.700674872, 6.035, 4, 0.5, 1, 4, 1.5, 2.0023193043737, 0.99999369, 0.000176490, -7.585, -3.445, http://tobiastiecke.nl/archive/PotassiumProperties.pdf
K, 19, 41, 4S_{1/2}, 0, 0, 4, 0.5, 0, 1.5, 0.5, 2.0023193043737, 0.99999369, -0.00007790600, 127.0069352, 0, http://tobiastiecke.nl/archive/PotassiumProperties.pdf
K, 19, 41, 4P_{1/2}, 770.107919192, 5.956, 4, 0.5, 1, 1.5, 0.5, 2.0023193043737, 0.99999369, -0.00007790600, 15.245, 0, http://tobiastiecke.nl/archive/PotassiumProperties.pdf
K, 19, 41, 4P_{3/2}, 766.70045870, 6.035, 4, 0.5, 1, 1.5, 1.5, 2.0023193043737, 0.99999369, -0.00007790600, 3.363, 3.351, http://tobiastiecke.nl/archive/PotassiumProperties.pdf
Rb, 37, 85, 5S_{1/2}, 0, 0, 5, 0.5, 0, 2.5, 0.5, 2.0023193043737, 0.99999369, -.00029364000, 1.0119108130e3, 0, https://steck.us/alkalidata/rubidium85numbers.pdf
Rb, 37, 85, 5P_{1/2}, 794.979014933, 5.7500, 5, 0.5, 1, 2.5, 0.5, 2.0023193043737, 0.99999369, -.00029364000, 120.527, 0, https://steck.us/alkalidata/rubidium85numbers.pdf
Rb, 37, 85, 5P_{3/2}, 780.241368271, 6.0666, 5, 0.5, 1, 2.5, 1.5, 2.0023193043737, 0.99999369, -.00029364000, 25.0020, 25.790, https://steck.us/alkalidata/rubidium85numbers.pdf
Rb, 37, 87, 5S_{1/2}, 0, 0, 5, 0.5, 0, 1.5, 0.5, 2.0023193043737, 0.99999369, -.00009951414, 3.417341305452e3, 0, http://www.steck.us/alkalidata/rubidium87numbers.1.6.pdf
Rb, 37, 87, 5P_{1/2}, 794.978851156, 5.7500, 5, 0.5, 1, 1.5, 0.5, 2.0023193043737, 0.99999369, -.00009951414, 407.25, 0, http://www.steck.us/alkalidata/rubidium87numbers.1.6.pdf
Rb, 37, 87, 5P_{3/2}, 780.241209686, 6.0666, 5, 0.5, 1, 1.5, 1.5, 2.0023193043737, 0.99999369, -.00009951414, 84.7185, 12.4965, http://www.steck.us/alkalidata/rubidium87numbers.1.6.pdf
Cs, 55, 133, 6S_{1/2}, 0, 0, 6, 0.5, 0, 3.5, 0.5, 2.0023193043737, 0.99999369, -0.00039885395, 2.2981579425e3, 0, http://steck.us/alkalidata/cesiumnumbers.pdf
Cs, 55, 133, 6P_{1/2}, 894.59295986, 4.575, 6, 0.5, 1, 3.5, 0.5, 2.0023193043737, 0.99999369, -0.00039885395, 291.9201, 0, http://steck.us/alkalidata/cesiumnumbers.pdf
Cs, 55, 133, 6P_{3/2}, 852.34727582, 5.234, 6, 0.5, 1, 3.5, 1.5, 2.0023193043737, 0.99999369, -0.00039885395, 50.28827, -0.4934, http://steck.us/alkalidata/cesiumnumbers.pdf
